4 13 8 10 15 1 16 7 12 9 5 11 14 6 2 3
3 5 16 14 4 8 9 13 7 2 6 1 11 12 15 10
12 9 6 15 10 11 2 3 14 4 16 13 5 8 7 1
7 2 1 11 6 14 5 12 8 10 15 3 13 9 16 4
10 6 11 16 3 12 14 9 4 5 13 2 15 7 1 8
13 7 12 9 5 4 10 15 1 11 14 8 6 16 3 2
14 15 2 8 7 13 11 1 10 16 3 6 9 4 5 12
5 3 4 1 8 16 6 2 15 12 7 9 10 14 11 13
11 8 13 6 2 15 7 14 9 3 10 5 12 1 4 16
9 16 14 7 11 5 1 4 13 15 8 12 3 2 10 6
15 12 5 3 16 10 13 6 2 1 4 7 8 11 9 14
2 1 10 4 9 3 12 8 6 14 11 16 7 5 13 15
6 11 15 5 1 7 8 16 3 13 12 4 2 10 14 9
16 14 7 12 13 9 4 10 11 6 2 15 1 3 8 5
1 4 3 2 14 6 15 11 5 8 9 10 16 13 12 7
8 10 9 13 12 2 3 5 16 7 1 14 4 15 6 11
